00
02
aa
55
6a
16
c5
12
80
09
c0
03
05
30
c0
68
84
6b
c0
58
05
5b
c0
4a
00
68
c0
49
00
43
c0
48
00
46
c0
57
80
2e
20
20
00
a1
c0
66
80
d1
c0
67
01
0f
c0
32
84
72
c0
37
81
b5
c0
1e
81
b4
c0
25
85
51
c0
1f
05
58
c0
26
00
9b
c0
27
05
93
c0
43
80
3c
c0
44
80
18
c0
46
85
5d
c0
31
85
74
c0
35
80
1a
20
20
00
a1
70
41
6e
7f
20
20
7c
29
1a
62
7e
00
c0
00
59
24
c0
00
d9
2c
c0
01
00
2c
c0
01
d9
38
c0
02
59
3f
c0
02
d9
44
c0
03
59
49
c0
03
d9
4c
c0
04
59
4d
c0
04
d9
4f
c0
05
59
50
c0
05
d9
51
c0
06
59
52
c0
06
d9
55
60
00
cc
30
70
0b
7d
27
20
20
56
20
70
4d
34
01
20
20
59
34
20
40
3d
b8
68
12
01
38
79
3f
fe
0f
60
12
00
4c
20
40
3d
b0
d8
5f
ff
ff
68
00
cd
49
c0
00
bc
da
20
20
3c
d5
58
00
00
10
d8
e0
00
03
20
40
7e
68
9a
40
a4
00
20
60
00
00
da
20
00
00
68
0a
47
ec
1c
42
24
00
1a
42
7e
00
98
46
7c
00
24
41
00
37
20
20
7c
09
60
08
80
17
18
40
a2
04
20
20
3a
86
20
20
3a
6f
20
30
ba
6f
68
00
cc
11
c0
00
00
56
c0
02
80
5f
c0
7d
80
4d
20
20
00
56
70
89
55
d8
20
00
00
04
70
89
55
d7
20
00
00
04
70
89
55
d6
20
00
00
04
70
89
55
d0
70
89
56
c0
20
20
3a
6f
70
89
55
d8
20
00
00
04
70
89
55
d7
20
00
00
04
70
89
55
d6
20
00
00
04
70
89
55
d0
70
89
56
e0
20
20
3a
6f
70
89
55
df
20
00
00
04
70
89
55
dd
20
00
00
04
70
89
55
db
20
00
00
04
70
89
55
d0
70
89
56
e0
20
20
3a
6f
60
08
80
17
18
40
a2
02
20
40
3a
b6
58
00
05
00
20
40
3b
f3
70
89
06
01
70
89
00
3c
70
89
01
e0
70
89
6d
12
20
00
00
0a
70
89
02
01
70
89
02
3d
20
00
00
0a
70
89
03
b7
20
00
00
0a
70
89
02
7d
68
00
cc
11
c0
00
00
87
c0
02
80
91
c0
7d
80
7d
20
20
00
87
70
89
56
cb
20
00
00
04
70
89
55
d1
20
00
00
04
70
89
55
d2
20
00
00
04
70
89
55
d3
20
00
00
04
70
89
55
d8
20
60
00
00
70
89
56
f0
20
00
00
04
70
89
55
d1
20
00
00
04
70
89
55
d2
20
00
00
04
70
89
55
d3
20
00
00
04
70
89
55
d8
20
60
00
00
70
89
56
ff
20
00
00
04
70
89
55
d1
20
00
00
04
70
89
55
d2
20
00
00
04
70
89
55
d8
20
00
00
04
70
89
55
df
20
60
00
00
20
40
53
dd
20
40
00
9e
20
20
54
c1
20
36
80
6d
20
40
53
ee
20
20
3a
91
20
20
00
a1
20
20
00
a2
d8
c0
80
74
18
41
0e
07
18
49
7e
00
1f
e1
7e
03
98
c0
8c
00
e8
c0
80
00
28
4f
fe
07
20
20
80
ad
af
ec
00
00
20
60
00
00
af
ef
ff
ff
20
60
00
00
20
20
00
b0
da
3f
ff
ff
68
10
80
81
2f
ef
fe
01
20
40
80
c6
1f
e1
24
03
1a
46
7c
01
20
42
80
c8
2f
ef
fe
02
20
40
80
c2
2f
ef
fe
03
20
40
80
c4
68
12
00
78
68
1a
00
7c
98
41
fe
00
1f
e4
7e
00
9a
21
7e
00
60
12
00
70
20
60
00
00
d8
e0
00
06
20
20
00
cc
d8
e0
00
09
20
20
00
ca
d8
e0
00
17
20
20
00
ca
d8
e0
00
17
20
20
00
cc
df
20
00
04
20
20
00
cd
df
20
00
02
f9
3f
a2
00
18
e0
8e
01
c2
00
00
cd
20
60
00
00
20
75
80
00
68
10
81
3e
c4
03
80
00
70
82
80
01
1c
e2
7e
00
24
3a
00
db
68
10
81
3e
2f
ec
00
03
20
20
80
dd
20
20
00
2e
70
4d
48
16
20
20
00
de
70
4d
48
10
70
48
13
00
20
40
00
ff
58
00
01
e6
60
01
42
90
58
00
01
bb
60
01
42
92
58
00
01
e5
60
01
42
8c
58
00
01
04
60
01
42
86
58
00
00
af
60
01
42
8a
60
01
4c
0b
20
40
01
e0
20
40
03
f7
68
00
cc
16
60
00
c2
13
68
01
41
f5
1f
e0
ff
fc
60
01
44
d7
60
01
44
d9
1c
e2
7c
00
24
42
80
fc
20
40
04
56
68
03
44
f9
20
40
02
38
20
40
02
34
58
00
00
00
60
01
cc
2c
20
20
3e
2b
1c
42
7e
00
60
02
4c
27
20
60
00
00
68
08
c8
03
20
40
69
dc
20
40
63
93
68
08
c8
01
20
20
69
d1
68
0a
4c
27
1c
42
7e
00
98
46
7e
00
d8
40
00
08
98
46
7c
00
24
21
3f
5a
68
00
cc
0a
c0
00
bf
5a
68
00
cc
2b
c0
00
bf
5a
20
20
63
2a
70
00
16
27
70
01
53
00
70
01
89
00
70
01
8a
00
58
00
00
00
60
02
87
da
20
40
01
20
68
00
cd
49
1f
e6
7c
01
20
22
81
1a
20
60
00
00
1c
e2
7e
00
20
3a
00
2e
70
4d
48
16
20
40
03
f7
70
4d
49
00
20
60
00
00
20
40
6a
0d
58
00
4a
00
60
11
00
54
58
00
4b
ff
60
11
00
56
20
20
63
12
20
40
04
54
68
08
cc
09
20
20
58
92
68
09
03
47
20
40
5a
88
18
c0
a4
01
18
c0
8d
fe
e8
c1
00
00
d8
40
29
02
98
46
7c
00
20
22
81
3d
68
00
83
41
1f
e0
ff
f9
20
3a
59
d8
1f
e2
72
00
1f
22
22
00
1a
42
0a
00
d8
c0
03
49
20
40
7e
45
1a
22
72
00
da
20
03
49
20
40
01
82
20
20
59
d8
df
20
00
02
1a
42
0a
00
d8
c0
03
49
20
40
7e
45
68
09
03
47
20
40
03
2c
24
34
59
d8
60
09
4c
2c
68
00
83
49
60
00
cc
2e
20
40
01
49
20
20
59
d8
20
40
01
5c
58
00
00
c7
e0
a0
80
00
58
00
00
04
e0
a0
80
00
58
00
00
14
e0
a0
80
00
68
01
4c
2c
e0
a1
00
00
68
00
cc
2e
e0
a0
80
00
20
40
04
3c
1a
42
7e
00
e0
a0
80
00
20
40
01
60
68
00
cc
31
c0
00
01
64
20
40
63
9e
20
60
00
00
68
00
cc
32
d8
a0
4c
34
98
a0
8a
00
20
60
00
00
68
00
cc
32
1f
e0
fe
20
60
00
cc
32
20
60
00
00
78
54
7c
00
68
00
cc
33
68
08
cc
32
98
46
7c
00
20
62
80
00
78
34
7c
00
d8
40
4c
34
98
40
84
00
18
42
22
00
18
40
84
01
e8
40
80
00
1f
e0
fe
03
1f
e2
72
00
20
40
68
f7
1a
22
0c
00
20
40
49
76
68
00
cc
33
1f
e0
fe
20
60
00
cc
33
68
08
cc
32
98
46
7c
00
20
42
e3
93
20
20
68
fa
20
40
01
64
20
34
01
7b
20
60
00
00
68
00
83
41
1f
e0
ff
f9
1f
e2
72
00
da
20
03
49
20
40
01
5c
58
00
00
c7
e0
a0
80
00
1f
20
fe
03
e0
a0
80
00
58
00
00
13
e0
a0
80
00
68
01
03
47
e0
a1
00
00
1a
22
0c
00
20
40
7e
45
20
40
04
3c
1a
42
7e
00
e0
a0
80
00
20
40
01
60
68
00
cc
31
c0
00
01
64
20
40
63
9e
20
60
00
00
68
01
03
47
60
01
03
fa
60
01
4d
35
1f
e2
0e
00
1f
e6
7c
3f
20
21
01
9d
68
04
4d
40
20
20
01
9e
68
04
4d
38
af
ef
ff
ff
20
20
81
a2
70
0b
7d
0b
20
20
56
20
70
4d
37
14
20
40
01
5c
58
00
00
c7
e0
a0
80
00
58
00
00
03
e0
a0
80
00
58
00
00
15
e0
a0
80
00
68
01
4d
35
e0
a1
00
00
20
40
04
3c
1a
42
7e
00
e0
a0
80
00
20
40
01
60
68
00
cc
31
c0
00
01
64
20
40
63
9e
20
60
00
00
20
20
53
bc
e8
c1
80
00
60
01
83
f9
c0
09
01
29
c0
29
01
7e
c0
05
01
95
20
20
59
07
1a
62
7e
00
c0
0a
01
cc
c0
0a
81
d1
1f
e1
04
0f
1f
e1
7e
f0
c0
28
01
c2
20
60
00
00
20
40
63
ec
20
20
01
c4
68
00
cd
37
20
7a
00
00
1f
e0
ff
ff
60
00
cd
37
24
7a
00
00
58
00
00
00
60
01
4d
35
20
20
01
a0
70
4d
34
00
20
40
03
d7
20
40
00
fc
20
40
05
71
20
20
63
97
58
00
00
00
60
01
4d
35
70
4d
37
00
68
00
cc
16
60
00
c2
13
58
00
00
00
60
01
02
c4
58
00
00
00
60
01
02
c6
20
40
04
54
58
00
00
00
60
01
cc
2c
20
40
03
3d
20
40
03
e6
20
20
63
8c
20
75
80
00
68
10
80
43
79
3f
fe
00
60
10
80
43
20
20
01
20
20
20
01
ec
20
20
01
ec
70
4c
2b
01
20
20
42
8c
58
00
00
01
60
01
48
0e
20
20
42
8c
68
19
01
12
18
42
7e
00
20
7a
00
00
20
40
00
fc
20
40
56
1e
24
7a
00
00
20
40
04
52
24
7a
00
00
58
00
00
01
60
01
48
0e
20
40
7f
6b
e8
60
80
00
c0
00
42
8c
c0
08
01
e7
60
09
48
0e
20
40
7f
6b
18
62
22
00
e8
60
80
00
c0
e2
81
e9
68
11
01
12
1f
e6
7c
03
20
61
00
00
70
4c
2b
00
e8
68
80
00
60
08
cc
0d
18
40
85
ff
60
08
cc
0e
e8
60
80
00
60
00
cc
0f
18
40
84
04
68
01
48
0e
98
46
7c
00
24
61
00
00
60
01
48
0e
1f
e0
ff
ff
1a
22
06
00
98
60
86
00
e8
68
80
00
60
08
cc
10
68
01
48
0e
1f
e2
72
00
1a
22
06
00
d8
a0
01
03
20
40
04
65
20
40
04
47
68
00
cc
10
9a
46
7c
00
24
22
84
21
20
40
42
8c
68
00
cc
0f
c0
10
02
4c
c0
10
82
67
c0
11
02
77
c0
11
82
80
c0
12
02
a2
c0
12
82
be
c0
17
82
c6
c0
13
02
d7
c0
13
82
dd
c0
14
02
e3
c0
14
83
01
c0
15
03
06
c0
15
83
0e
c0
16
03
15
c0
16
83
17
c0
17
03
1d
c0
18
03
60
c0
18
83
9d
c0
19
03
5e
c0
08
03
b2
c0
08
83
c8
20
60
00
00
68
09
4c
25
20
7a
00
00
e0
43
00
00
20
60
00
00
60
03
4c
19
68
00
cc
19
60
00
cc
24
e8
c0
80
00
60
00
cc
23
e8
c0
80
00
60
00
cc
22
e8
c0
80
00
60
00
cc
21
e8
c0
80
00
60
00
cc
20
e8
c0
80
00
60
00
cc
1f
68
03
4c
1f
20
60
00
00
68
08
c8
01
20
40
69
e5
24
60
80
00
20
00
27
10
20
20
02
47
20
40
04
06
20
40
7f
68
20
40
02
47
20
40
63
93
58
00
00
00
60
01
4d
35
70
4d
37
00
68
00
cc
16
60
00
c2
13
70
4c
32
00
70
4c
33
00
58
00
00
00
60
01
02
c4
58
00
00
00
60
01
02
c6
20
40
04
54
58
00
00
00
60
01
cc
2c
70
4d
34
00
20
40
03
3d
d8
c0
01
06
e8
c0
80
00
24
3a
02
65
70
4d
49
01
20
20
3f
10
70
4d
49
02
20
20
3f
10
20
40
04
2b
58
00
00
03
e1
40
80
00
58
00
00
10
e1
40
80
00
58
00
00
21
e1
40
80
00
68
09
47
f4
28
4f
fe
09
58
00
00
00
79
20
fe
00
e1
40
80
00
20
40
04
33
1a
42
7e
00
e1
40
80
00
20
20
68
fa
d8
c0
01
06
e8
c1
00
00
1f
e6
7c
1f
20
21
04
0f
60
01
41
f5
1f
e0
ff
fc
60
01
44
d7
60
01
44
d9
20
20
04
06
68
00
cc
0e
c0
83
84
0f
d8
c0
01
06
e8
c1
00
00
60
01
4c
12
e8
c1
00
00
60
01
4c
14
e8
c0
80
00
60
00
cc
16
e8
c1
00
00
60
01
4c
17
68
01
47
f4
2f
ef
fe
09
20
20
82
91
68
00
cc
16
60
00
c2
13
20
20
04
06
70
0b
7d
12
20
40
7c
33
20
20
04
06
da
20
00
00
e8
c0
80
00
1f
e2
24
00
20
7a
00
00
e8
c0
80
00
98
46
7c
00
20
62
80
00
1a
40
ff
ff
98
c0
8c
00
1a
20
a2
02
9a
20
a2
00
1a
26
7c
1e
24
61
00
00
20
20
02
95
d8
40
00
ff
d8
c0
43
da
20
40
02
94
24
22
84
18
18
c2
22
00
68
00
c3
d9
9a
46
04
00
18
40
84
07
68
00
cc
0e
98
40
84
00
18
46
7c
1f
24
21
04
0f
1f
e2
72
00
60
08
c3
d9
1a
22
0a
00
18
a0
8b
fe
1f
20
fe
07
e0
a0
80
00
18
a0
8a
01
d8
c0
01
06
20
40
7e
45
18
a2
22
00
18
a2
7e
00
60
01
4c
25
68
03
44
f9
20
40
02
38
e2
23
00
00
20
20
04
06
68
00
cc
0e
60
00
c3
d9
1f
e2
72
00
d8
c0
01
06
20
40
7e
45
df
e0
00
00
60
01
4c
25
20
20
04
06
68
00
81
06
c0
00
02
d5
c0
00
82
cc
c0
01
02
d5
c0
03
02
d5
20
20
04
0f
60
00
c4
db
68
00
cc
0e
1f
e6
7c
07
24
22
84
0f
df
20
00
06
d8
c0
01
07
d8
a0
44
de
20
40
7e
45
20
20
04
06
60
00
c4
db
20
20
04
06
68
00
81
06
c0
00
02
db
70
43
d8
01
20
20
04
06
70
43
d8
00
20
20
04
06
68
00
cc
0e
60
00
c3
f9
1f
e2
72
00
d8
c0
01
06
20
40
7e
45
20
20
04
06
68
00
81
06
60
00
cc
11
c0
00
02
e9
c0
02
82
f0
c0
7d
82
f7
20
20
04
0f
70
89
57
4c
70
89
58
6c
70
89
59
50
70
49
a4
4c
70
49
a6
6c
70
49
a8
50
20
20
04
06
70
89
57
4c
70
89
58
6c
70
89
59
10
70
49
a4
4c
70
49
a6
6c
70
49
a8
10
20
20
04
06
70
89
57
4c
70
89
58
6c
70
89
59
50
70
49
a4
4c
70
49
a6
6c
70
49
a8
50
20
20
04
06
70
4d
34
02
70
0b
7d
22
20
20
56
20
68
01
47
f4
c3
04
84
18
20
40
02
fe
20
40
3f
90
20
20
04
06
68
00
cc
0e
60
00
c4
19
1f
e2
72
00
d8
a0
44
1a
d8
c0
01
06
20
40
7e
45
20
40
04
56
20
20
04
06
68
03
01
06
60
03
44
f9
20
40
02
38
20
40
02
34
20
20
04
06
70
80
10
01
20
00
27
10
20
40
04
06
20
20
03
13
68
00
81
06
60
00
cc
31
20
40
04
06
68
00
cc
31
c0
00
01
7b
20
60
00
00
68
00
cc
31
c0
00
04
0f
68
00
81
06
c0
00
83
23
c0
00
03
28
20
20
04
0f
68
00
cc
33
68
08
cc
32
98
46
7c
00
20
22
84
18
20
20
01
64
68
00
cc
33
1f
e0
ff
e0
60
00
cc
33
20
20
01
64
78
54
7c
00
18
40
85
ff
20
62
80
00
20
40
5a
88
20
7a
00
00
24
62
80
00
18
c0
8d
fe
e8
c1
00
00
da
20
29
00
9a
26
7c
00
24
21
03
3b
da
20
29
05
9a
26
7c
00
20
21
03
3b
20
20
03
2d
78
34
7c
00
20
60
00
00
d8
c0
45
04
d8
40
29
02
e8
c1
00
00
20
7a
00
00
e8
c1
00
00
98
46
7c
00
24
22
83
49
58
00
00
00
18
c0
8c
01
e0
c1
00
00
18
c0
8c
02
20
20
03
3f
e8
c0
80
00
98
c0
8c
00
20
20
03
3f
20
40
5a
88
e8
c0
80
00
98
c0
8c
00
78
54
7c
00
e8
c1
00
00
20
7a
00
00
e8
c1
00
00
d8
40
29
02
98
46
7c
00
20
22
83
5c
d8
40
28
00
98
46
7c
00
20
62
80
00
e8
c0
80
00
98
c0
8c
00
20
20
03
50
78
34
7c
00
20
60
00
00
78
54
7c
00
20
20
03
61
78
34
7c
00
68
09
01
06
18
42
22
00
20
40
5a
88
24
22
84
0f
e8
c8
80
00
18
c2
24
00
68
00
cc
0e
da
60
00
03
9a
66
7e
00
24
21
04
0f
98
46
26
00
20
21
04
0f
1f
e0
fe
01
1f
e2
72
00
1a
42
0a
00
d8
c0
01
08
20
40
7e
45
1a
66
27
ff
1a
62
72
00
20
40
7e
3f
24
34
03
81
68
01
47
f4
2f
ef
fe
09
24
20
84
18
1a
22
04
00
20
40
03
4c
24
34
04
0f
18
c0
8c
01
e8
c1
00
00
c2
80
03
8c
c2
80
83
8a
20
20
04
18
20
40
04
06
68
01
4d
35
9a
26
7c
00
24
62
80
00
60
01
03
fa
58
00
00
00
60
01
4d
35
70
4d
37
00
20
20
01
a0
70
0b
7d
1d
20
20
03
8d
70
0b
7d
1b
1a
22
7e
00
60
01
4c
2c
68
00
cc
0e
d8
40
00
02
98
46
7e
00
1f
e2
72
00
1f
e0
fe
07
60
00
cc
09
d8
a0
44
45
68
01
4c
2c
e0
a1
00
00
d8
c0
01
08
20
40
7e
45
20
40
56
20
20
40
04
50
20
20
04
06
68
00
cc
0e
c0
81
04
0f
68
09
01
06
20
40
5a
88
24
22
84
0f
e8
c8
80
00
18
c2
22
00
20
40
04
2b
18
40
fe
02
e1
40
80
00
58
00
00
10
e1
40
80
00
68
00
cc
0f
e1
40
80
00
18
42
72
00
1a
22
0c
00
20
40
49
76
20
40
04
33
1a
42
7e
00
e1
40
80
00
20
20
68
fa
68
00
cc
0e
c0
81
84
0f
68
09
01
06
68
00
81
08
1f
e6
7c
20
24
21
04
0f
18
42
22
00
1f
e2
04
00
20
40
04
2b
18
40
fe
02
e1
40
80
00
58
00
00
10
e1
40
80
00
68
00
cc
0f
e1
40
80
00
18
42
72
00
1a
22
0c
00
20
40
49
76
20
40
04
33
1a
42
7e
00
e1
40
80
00
20
20
68
fa
68
00
cc
0e
1f
e6
7c
03
20
21
04
0f
68
09
01
06
68
00
81
08
1f
e2
22
00
18
c2
24
00
68
00
cc
0e
9a
26
7e
00
c0
81
84
0f
1a
22
72
00
18
42
0a
00
1a
42
0c
00
20
40
7e
45
20
20
04
06
20
40
01
5c
58
00
00
c7
e0
a0
80
00
58
00
00
01
e0
a0
80
00
58
00
00
12
e0
a0
80
00
20
40
04
3c
1a
42
7e
00
e0
a0
80
00
20
40
01
60
68
00
cc
31
c0
00
01
64
20
40
63
9e
20
60
00
00
20
40
01
5c
58
00
00
c7
e0
a0
80
00
58
00
00
02
e0
a0
80
00
58
00
00
11
e0
a0
80
00
68
00
cd
34
e0
a0
80
00
20
40
04
3c
1a
42
7e
00
e0
a0
80
00
20
40
01
60
68
00
cc
31
c0
00
01
64
20
40
63
9e
20
60
00
00
20
40
01
5c
58
00
00
c7
e0
a0
80
00
58
00
00
01
e0
a0
80
00
68
00
cd
48
e0
a0
80
00
20
40
04
3c
1a
42
7e
00
e0
a0
80
00
20
40
01
60
68
00
cc
31
c0
00
01
64
20
40
63
9e
20
60
00
00
20
40
04
2f
58
00
00
10
e1
40
80
00
68
00
cc
0f
e1
40
80
00
20
40
04
33
1a
42
7e
00
e1
40
80
00
20
20
68
fa
20
40
04
2f
58
00
00
11
e1
40
80
00
68
00
cc
0f
e1
40
80
00
20
40
04
33
1a
42
7e
00
e1
40
80
00
20
20
68
fa
20
40
04
2f
58
00
00
12
e1
40
80
00
68
00
cc
0f
e1
40
80
00
20
40
04
33
1a
42
7e
00
e1
40
80
00
20
20
68
fa
20
40
04
2f
58
00
00
13
e1
40
80
00
68
00
cc
0f
e1
40
80
00
20
40
04
33
1a
42
7e
00
e1
40
80
00
20
40
68
fa
20
20
42
8c
20
40
68
f7
58
00
00
c6
e1
40
80
00
20
60
00
00
20
40
04
2b
58
00
00
02
e1
40
80
00
20
60
00
00
68
19
00
5e
18
42
26
00
18
40
84
01
e8
40
80
00
1f
e0
fe
02
1f
e2
72
00
1a
62
0c
00
da
40
00
00
20
20
04
4c
68
00
cc
32
d8
40
4c
34
98
40
84
00
18
42
26
00
18
40
84
01
e8
40
80
00
1f
e0
fe
02
1f
e2
72
00
1a
62
0c
00
da
40
00
00
20
20
04
4c
68
01
48
0e
1f
e0
ff
ff
1f
e2
72
00
d8
c0
01
03
da
40
00
00
e8
c0
80
00
9a
42
a4
00
c2
00
04
4c
20
60
00
00
70
4c
0a
01
20
60
00
00
68
00
cc
0a
20
60
00
00
70
4c
0a
00
20
60
00
00
20
40
5a
df
68
00
c3
fb
1f
e6
7c
09
24
62
80
00
68
00
c4
19
1f
e2
72
00
1f
e0
fe
01
60
00
c3
fa
d8
a0
43
fc
d8
c0
44
1a
20
40
7e
45
68
00
c3
fa
1f
e0
fe
01
60
00
c3
f9
20
60
00
00
1f
22
7e
00
20
7a
00
00
e8
60
80
00
e0
a0
80
00
c2
00
04
67
20
60
00
00
68
11
00
50
79
3f
fe
0f
60
11
00
50
20
40
69
09
70
80
43
00
70
80
62
81
20
20
44
97
68
00
c4
44
c0
0d
81
26
c0
0e
81
26
c0
08
84
c4
c0
04
84
8a
c0
09
84
79
20
20
56
66
68
09
03
fa
20
40
5a
88
20
3a
58
5c
18
c0
8d
fe
e8
c9
00
00
58
00
29
02
98
46
7c
00
24
22
d8
5c
18
c0
8c
01
e8
c9
00
00
58
00
00
01
98
46
7c
00
20
22
d8
5c
58
00
00
00
98
46
7c
00
24
22
d8
5c
20
20
58
5c
68
09
44
c0
58
00
28
03
98
46
7c
00
24
22
d7
28
68
01
44
bc
60
01
02
a0
78
34
7c
00
20
40
05
1a
24
21
04
a0
68
09
02
a0
20
40
05
08
c0
00
84
a0
20
40
05
1e
24
22
84
9e
78
54
7c
00
20
40
04
a2
20
40
04
f6
20
40
05
08
20
40
04
aa
20
20
04
a0
20
40
04
f6
20
20
04
91
20
34
57
28
20
20
05
22
68
01
02
a0
60
01
44
46
68
00
8b
85
1f
e2
72
00
20
40
05
27
d8
a0
44
48
20
40
7e
45
20
20
05
2a
68
09
0b
82
18
4c
fe
00
c0
81
84
bc
20
40
05
24
68
01
02
a0
e0
a1
00
00
20
40
05
2a
58
00
45
04
98
40
8c
00
e8
c0
80
00
18
c2
04
00
1f
e2
72
00
1f
e0
fe
05
60
00
c4
45
20
40
05
24
18
42
0c
00
20
40
7e
45
20
20
05
2a
20
40
05
24
68
01
02
a0
e0
a1
00
00
68
01
0b
82
e0
a1
00
00
20
40
05
2a
70
44
45
07
20
60
00
00
d9
60
00
03
68
01
44
bc
60
01
02
a0
70
0b
84
00
78
34
7c
00
20
40
05
1a
24
21
04
ec
68
09
02
a0
20
40
05
08
c0
00
84
ef
20
40
05
1e
24
22
84
e8
68
00
8b
84
c0
00
84
ef
24
34
04
d9
78
54
7c
00
68
00
8b
85
1f
e0
fe
04
60
00
c4
45
20
40
05
2a
20
20
04
e3
68
00
8b
85
1f
e6
7c
10
20
22
84
ef
68
00
c4
45
1f
e6
7c
10
20
22
84
ef
68
01
02
a0
1f
e0
ff
ff
60
01
0b
80
20
40
04
ff
68
01
02
a0
60
01
0b
7e
20
40
04
fa
19
60
97
ff
20
22
84
ea
20
40
04
f6
20
20
04
c9
70
0b
84
01
20
20
04
e8
68
01
02
a0
60
01
0b
80
20
20
04
f3
68
01
02
a0
1f
e0
ff
ff
60
01
0b
80
20
20
04
f3
20
34
57
28
20
40
04
ff
20
20
05
22
68
09
02
a0
18
40
84
01
60
09
02
a0
20
60
00
00
68
00
8b
85
60
00
81
03
1f
e2
72
00
20
40
05
27
20
20
7e
45
20
40
05
24
68
01
0b
7e
e0
a1
00
00
68
01
0b
80
e0
a1
00
00
68
00
81
03
1f
e2
72
00
20
40
7e
45
20
20
05
2a
d8
c0
45
04
18
42
22
00
e8
c1
00
00
20
3a
05
13
e8
c9
00
00
60
09
0b
82
9a
26
7c
00
20
22
85
15
e8
c0
80
00
98
c0
8c
00
20
20
05
0a
58
00
00
01
20
60
00
00
e8
c0
80
00
60
00
8b
85
20
40
05
2d
58
00
00
00
20
60
00
00
68
09
02
a0
68
01
44
be
98
46
7c
00
20
60
00
00
68
01
44
c0
68
09
0b
82
98
46
7c
00
20
60
00
00
20
40
05
24
20
20
58
8a
68
01
02
b9
1f
e2
0a
00
20
60
00
00
68
01
02
b7
1f
e2
0c
00
20
60
00
00
18
a2
7e
00
60
01
02
b9
20
60
00
00
18
c2
7e
00
60
01
02
b7
20
60
00
00
20
40
05
32
20
20
30
2c
da
60
05
34
20
20
33
01
c3
00
b3
07
20
40
33
3d
20
40
05
41
98
46
7e
00
1f
e0
fe
01
20
21
05
3b
20
20
33
25
98
00
24
00
1a
20
8c
02
e8
c1
00
00
20
3a
33
27
20
40
33
49
20
20
05
35
1f
f1
16
00
19
6c
96
00
20
22
85
4b
29
60
1e
0f
24
60
80
00
18
51
16
00
19
6c
96
00
24
62
80
00
79
20
04
1c
20
60
00
00
18
51
16
00
19
6c
96
00
29
60
1e
0f
24
60
80
00
79
20
7e
1c
20
60
00
00
20
40
54
bd
68
08
80
17
20
40
3a
82
20
40
3a
87
78
28
7c
00
d9
60
15
7c
20
20
54
7f
70
89
0f
36
70
89
0b
5f
20
20
53
d4
20
40
3b
36
20
20
3c
dc
20
40
7c
20
da
20
47
e4
20
40
7f
9f
1f
e2
04
00
20
40
7c
24
18
42
7e
00
20
7a
00
00
c0
00
fc
97
c0
01
7c
9c
c0
01
fc
a2
c0
03
fc
a7
c0
04
7c
a8
c0
04
fc
a9
c0
05
fc
ac
c0
06
7c
ad
c0
06
fc
ae
c0
07
7c
b1
c0
07
fc
b3
c0
08
7c
b6
20
20
7c
67
20
40
3f
a4
70
0b
7d
12
20
20
7c
33
68
00
c4
40
c0
07
85
7c
c0
03
85
78
20
20
56
3a
68
00
cc
30
e0
a0
80
00
18
00
04
02
20
20
58
92
18
a0
8b
ff
58
00
00
0c
e0
a1
00
00
58
00
00
05
e0
a1
00
00
58
00
b4
12
e0
a1
00
00
58
00
00
08
e0
a1
00
00
68
01
4c
12
e0
a1
00
00
68
01
4c
14
e0
a1
00
00
68
00
c2
13
e0
a1
00
00
68
01
4c
17
e0
a1
00
00
18
00
02
02
20
20
58
8a
68
00
cc
2f
e0
a0
80
00
18
00
04
02
20
20
58
92
68
00
c4
db
c0
00
d4
ef
68
08
c4
dc
18
52
04
00
18
4b
84
00
98
41
fe
00
20
20
54
e5
bf
4d
aa
55
00
00
aa
55
40
00
00
40
40
00
00
00
00
00
00
00
00
00
00
00
00
00
00
00
00
00
15
00
00
80
01
00
00
00
02
00
00
00
00
00
00
00
00
00
00
00
00
60
00
58
00
00
28
88
00
00
80
22
00
00
00
00
00
00
00
60
00
00
00
00
00
00
aa
55
03
00
f6
44
01
00
00
aa
55
01
00
d3
43
28
aa
55
02
00
d5
43
0c
00
aa
55
01
00
f6
47
40
aa
55
02
00
13
42
02
02
aa
55
01
00
f7
41
06
aa
55
02
00
fa
47
90
01
aa
55
02
00
f8
47
90
01
aa
55
01
00
fd
47
ff
aa
55
01
00
01
48
05
aa
55
01
00
03
48
84
aa
55
01
00
12
48
02
aa
55
06
00
04
48
56
31
2e
30
30
31
aa
55
01
00
32
41
0a
aa
55
01
00
9f
42
13
aa
55
01
00
a4
42
ff
aa
55
02
00
59
47
a0
48
aa
55
01
00
dc
44
00
aa
55
02
00
e4
44
07
00
aa
55
01
00
f9
46
50
aa
55
02
00
5d
41
02
24
aa
55
01
00
c2
44
14
aa
55
01
00
49
4d
00
aa
55
02
00
ac
42
d0
00
aa
55
01
00
11
4c
00
aa
55
01
00
31
4c
00
aa
55
06
00
f9
44
11
ff
66
55
44
33
aa
55
0c
00
19
44
0b
43
68
69
70
73
65
61
2d
42
4c
45
aa
55
07
00
12
4c
08
00
10
00
00
64
00
aa
55
01
00
31
41
01
aa
55
02
00
f5
41
00
01
aa
55
01
00
db
44
00
aa
55
07
00
dd
44
01
00
00
00
00
00
00
aa
55
02
00
25
4c
e3
43
aa
55
11
00
d8
43
01
0f
02
01
06
03
02
e0
ff
07
ff
78
a5
04
0d
75
96
aa
55
14
00
f9
43
13
12
09
45
6c
65
63
74
72
6f
6e
69
63
20
53
63
61
6c
65
73
aa
55
d1
01
04
45
01
00
00
28
02
00
18
02
00
03
28
01
0a
03
00
00
2a
14
41
73
74
20
4c
45
20
4d
6f
75
73
65
20
20
20
20
20
20
20
20
04
00
03
28
01
02
05
00
01
2a
02
c8
00
06
00
03
28
01
02
07
00
04
2a
08
06
00
06
00
64
00
2c
01
08
00
03
28
01
02
09
00
02
2a
01
01
0a
00
00
28
02
0a
18
0b
00
03
28
01
02
0c
00
29
2a
07
43
68
69
70
73
65
61
0d
00
03
28
01
02
0e
00
24
2a
08
43
53
54
33
34
4d
39
37
0f
00
03
28
01
02
10
00
25
2a
04
63
6f
6d
33
11
00
03
28
01
02
12
00
26
2a
03
31
2e
30
13
00
03
28
01
02
14
00
27
2a
03
31
2e
30
15
00
00
28
02
1b
18
16
00
03
28
01
02
17
00
9b
2a
04
00
00
00
00
18
00
03
28
01
20
19
00
9c
2a
04
00
00
00
00
1a
00
02
29
02
00
00
1b
00
00
28
02
1d
18
1c
00
03
28
01
02
1d
00
9e
2a
04
00
00
00
00
1e
00
03
28
01
20
1f
00
9d
2a
03
00
00
00
20
00
02
29
02
00
00
21
00
00
28
02
1c
18
22
00
03
28
01
0a
23
00
80
2a
01
00
24
00
03
28
01
0a
25
00
8c
2a
01
00
26
00
03
28
01
0a
27
00
8e
2a
02
00
00
28
00
00
28
02
0f
18
29
00
03
28
01
12
2a
00
19
2a
01
00
2b
00
02
29
02
00
00
2c
00
00
28
02
05
18
2d
00
03
28
01
1a
2e
00
2b
2a
0a
e0
07
0a
01
08
08
08
01
00
00
2f
00
02
29
02
00
00
30
00
03
28
01
0a
31
00
0f
2a
02
00
00
32
00
03
28
01
02
33
00
14
2a
04
04
ff
ff
ff
34
00
00
28
02
a0
fa
35
00
03
28
01
08
36
00
a1
fa
14
00
00
00
00
00
00
00
00
00
00
00
00
00
00
00
00
00
00
00
00
37
00
03
28
01
12
38
00
a2
fa
14
00
00
00
00
00
00
00
00
00
00
00
00
00
00
00
00
00
00
00
00
39
00
02
29
02
00
00
aa
55
10
00
38
4d
00
00
00
00
00
40
00
00
00
00
00
00
00
00
00
00
aa
55
08
00
16
42
8f
10
ca
00
0a
0b
ef
07
aa
55
01
00
f8
41
00
aa
55
08
00
a3
00
00
00
00
00
00
00
00
00
aa
55
02
00
5d
41
02
24
aa
55
08
00
4d
41
12
00
00
10
12
00
00
08
aa
55
02
00
5b
41
20
00
aa
55
04
00
57
41
20
00
00
20
aa
55
04
00
5f
41
80
03
00
06
aa
55
02
00
9b
42
30
0f
aa
55
01
00
aa
42
20
aa
55
0f
00
e9
46
68
e4
69
00
6a
00
6b
30
57
4c
58
6c
59
50
ff
aa
55
02
00
63
41
e9
46
91
d1
